"","kaba1278","krio1252","mesc1238","alge1239","nyun1247","gusi1247","basq1248","stan1293","urdu1245","chuv1255","nhen1239","rian1262","dani1285","abua1244","alba1267","finn1318","stan1290","stan1295","mode1248","kala1399","guja1252","hakk1236","yuec1235","pula1263","ainu1240","hung1274","anga1288","west2369","assy1241","manx1243","ital1282","nucl1643","hebr1245","assa1263","kaya1330","kara1465","komi1268","kore1280","thai1261","liby1240","acol1236","jola1263","rund1242","yuca1254","peno1244","cham1312","moro1292","cent2132","scot1245","sout3123","kili1267","cent2142","west2386","bela1254","samo1305","sout2807","hadz1240","sici1248","sind1272","amha1245","telu1262","pare1266","nepa1254","ticu1245","tuni1259","nucl1235","viet1252","yoru1245","ling1263","nava1243","stan1318","kiku1240","gand1255","khan1278","sere1260","tswa1253","nucl1347","erzy1239","mari1278","moks1248","tata1255","cent2150","yucu1253","bulg1262","czec1258","dutc1256","norw1258","poli1260","swis1247","mand1415","minn1241","haus1257","nort2945","cent2127","bhil1251","biet1238","chot1239","dubl1239","gami1242","hind1269","dhan1264","konk1267","maha1287","mara1378","carn1240","pott1240","vasa1239","kurd1259","meso1252","wels1247","krah1246","pano1254","xava1240","yano1261","nene1249","lule1254","komi1269","teso1249","chig1238","nyan1307","laca1243","stan1288","tzel1254","tzot1259","fiji1243","taga1270","maor1246","tong1325","wall1257","muyu1244","shua1257","latv1249","russ1263","ukra1253","vend1245","xhos1239","zulu1248","luok1236","awng1244","tigr1270","newa1246","nucl1301"
"kaba1278",0,0.657211818181818,0.467825630120076,0.235843333333333,0.23566,0.512990871281117,0.148085227247223,0.390413530561478,0.343383499046123,0.218404383931407,0.59432903030303,0.371877631230386,0.0139657347570657,0.456372685185185,0.207318061090822,0.305469436086097,0.15153807260689,0.4788235,0.4302524,0.305641111111111,0.446722544117647,0.302711403587118,0.345123033356636,0.302305494998412,0.426149386151947,0.424168151815182,0.403817101851852,0.492165108695652,0.4801475,0.213471931962528,0.226264589323427,0.311045414538708,0.206123731144808,0.497475589225589,0.422949280051759,0.263222896554462,0.22116070220705,0.362342859084209,0.475290207119483,0.314671291666667,0.5268856757285,0.528676359086918,0.350548442958082,0.36021966245923,0.612151333333333,0.331755078794856,0.405988708333333,0.551870925925926,0.149066594097183,0.350262120749635,0.389094137030047,0.489666281387182,0.410466620061457,0.298807541714596,0.529777245901639,0.474171320278308,0.474783115970947,0.250046991255523,0.332505740657614,0.4568385,0.416834805970149,0.491538950819672,0.3149,0.397175088718641,0.300492687830688,0.4320955,0.478704077612347,0.463064826651815,0.307188956624385,0.467825630120076,0.235843333333333,0.512990871281117,0.512990871281117,0.512990871281117,0.512990871281117,0.512990871281117,0.512990871281117,0.218404383931407,0.218404383931407,0.218404383931407,0.218404383931407,0.59432903030303,0.59432903030303,0.207318061090822,0.207318061090822,0.207318061090822,0.207318061090822,0.207318061090822,0.207318061090822,0.345123033356636,0.345123033356636,0.302305494998412,0.426149386151947,0.426149386151947,0.403817101851852,0.403817101851852,0.403817101851852,0.403817101851852,0.403817101851852,0.403817101851852,0.403817101851852,0.403817101851852,0.403817101851852,0.403817101851852,0.403817101851852,0.403817101851852,0.403817101851852,0.492165108695652,0.4801475,0.213471931962528,0.422949280051759,0.422949280051759,0.422949280051759,0.422949280051759,0.263222896554462,0.263222896554462,0.22116070220705,0.5268856757285,0.5268856757285,0.5268856757285,0.612151333333333,0.612151333333333,0.612151333333333,0.612151333333333,0.331755078794856,0.331755078794856,0.331755078794856,0.331755078794856,0.331755078794856,0.389094137030047,0.489666281387182,0.298807541714596,0.298807541714596,0.298807541714596,0.474171320278308,0.474171320278308,0.474171320278308,0.474783115970947,0.4568385,0.4568385,0.3149,0.4320955
"krio1252",0.657211818181818,0,0.057659,0.0359769090909091,0.0461325,0.00367024242424242,0.0461325,0.100361919191919,0.0461325,0.0895391515151515,0.0701432828282828,0.12950601010101,0.107889515151515,0.00245763636363636,0.106196606060606,0.102764464646465,0.037338,0.0657990769230769,0.0936409230769231,0.0461325,0.667021565656566,0.143510787878788,0.133094555555556,0.00245763636363636,0.0533870833333333,0.103828125,0.0438712037037037,0.701905538461538,0.0438712037037037,0.106325212121212,0.0992823232323232,0.133402808080808,0.0973284848484848,0.0866434567901235,0.202066484848485,0.103505636363636,0.102621212121212,0.142279634146341,0.132814601226994,0.0447161538461538,0.00321934343434343,0.571107272727273,0.00540309090909091,0.147848848484848,0.0863043434343434,0.117066060606061,0.0447161538461538,0.0576525,0.037338,0.0657990769230769,0.142071310344828,0.680550858585859,0.0758508585858586,0.0899800675675676,0.11965037037037,0.0122534328358209,0.0163245398773006,0.098683950617284,0.0438712037037037,0.0447161538461538,0.668818838383838,0.110088827160494,0.0461325,0.181883939393939,0.0447161538461538,0.700922153846154,0.68852595959596,0.00264165656565657,0.00846648148148148,0.057659,0.0359769090909091,0.00367024242424242,0.00367024242424242,0.00367024242424242,0.00367024242424242,0.00367024242424242,0.00367024242424242,0.0895391515151515,0.0895391515151515,0.0895391515151515,0.0895391515151515,0.0701432828282828,0.0701432828282828,0.106196606060606,0.106196606060606,0.106196606060606,0.106196606060606,0.106196606060606,0.106196606060606,0.133094555555556,0.133094555555556,0.00245763636363636,0.0533870833333333,0.0533870833333333,0.0438712037037037,0.0438712037037037,0.0438712037037037,0.0438712037037037,0.0438712037037037,0.0438712037037037,0.0438712037037037,0.0438712037037037,0.0438712037037037,0.0438712037037037,0.0438712037037037,0.0438712037037037,0.0438712037037037,0.701905538461538,0.0438712037037037,0.106325212121212,0.202066484848485,0.202066484848485,0.202066484848485,0.202066484848485,0.103505636363636,0.103505636363636,0.102621212121212,0.00321934343434343,0.00321934343434343,0.00321934343434343,0.0863043434343434,0.0863043434343434,0.0863043434343434,0.0863043434343434,0.117066060606061,0.117066060606061,0.117066060606061,0.117066060606061,0.117066060606061,0.142071310344828,0.680550858585859,0.0899800675675676,0.0899800675675676,0.0899800675675676,0.0122534328358209,0.0122534328358209,0.0122534328358209,0.0163245398773006,0.0447161538461538,0.0447161538461538,0.0461325,0.700922153846154
"mesc1238",0.467825630120076,0.057659,0,0.057659,0.057659,0.598826347077331,0.232842481203008,0.503334952380952,0.402142406015038,0.225085373134328,0.057659,0.223274329942503,0.291019701492537,0.057659,0.278409701492537,0.37803376474769,0.234226240601504,0.5355775,0.547207,0.0301403703703704,0.361797691176471,0.122909850746269,0.19744260890459,0.400300298507463,0.324917218045113,0.057659,0.341806,0.4521635,0.4383095,0.288163880597015,0.334040605861112,0.202843944343963,0.260014029850746,0.0521607407407407,0.116600280552127,0.136193582089552,0.220925820895522,0.199039333333333,0.377623582089552,0.393702083333333,0.562368761904762,0.642897294117647,0.386704776119403,0.0235998316687241,0.0374737313432836,0.147604776119403,0.422763,0.0328869444444444,0.221956616541353,0.463092932330827,0.248435016387122,0.297008117647059,0.424493176470588,0.323727990124565,0.0301403703703704,0.577506992481203,0.600875671641791,0.389089247156352,0.399376541353383,0.0381424615384615,0.423712117647059,0.0374737313432836,0.057659,0.0242170149253731,0.057659,0.4823845,0.248105784313725,0.51773588127034,0.415601194029851,0,0.057659,0.598826347077331,0.598826347077331,0.598826347077331,0.598826347077331,0.598826347077331,0.598826347077331,0.225085373134328,0.225085373134328,0.225085373134328,0.225085373134328,0.057659,0.057659,0.278409701492537,0.278409701492537,0.278409701492537,0.278409701492537,0.278409701492537,0.278409701492537,0.19744260890459,0.19744260890459,0.400300298507463,0.324917218045113,0.324917218045113,0.341806,0.341806,0.341806,0.341806,0.341806,0.341806,0.341806,0.341806,0.341806,0.341806,0.341806,0.341806,0.341806,0.4521635,0.4383095,0.288163880597015,0.116600280552127,0.116600280552127,0.116600280552127,0.116600280552127,0.136193582089552,0.136193582089552,0.220925820895522,0.562368761904762,0.562368761904762,0.562368761904762,0.0374737313432836,0.0374737313432836,0.0374737313432836,0.0374737313432836,0.147604776119403,0.147604776119403,0.147604776119403,0.147604776119403,0.147604776119403,0.248435016387122,0.297008117647059,0.323727990124565,0.323727990124565,0.323727990124565,0.577506992481203,0.577506992481203,0.577506992481203,0.600875671641791,0.0381424615384615,0.0381424615384615,0.057659,0.4823845
"alge1239",0.235843333333333,0.0359769090909091,0.057659,0,0.255494444444444,0.0359769090909091,0.0118362686567164,0.243131851851852,0.00726820895522388,0.0066537037037037,0.0125830067567568,0.228302222222222,0.0274559259259259,0.0359769090909091,0.0174803703703704,0.133192592592593,0.0118177611940299,0.0156572727272727,0.00956444444444444,0.320065185185185,0.236845555555556,0.253398703703704,0.312334925925926,0.197301111111111,0.0533870833333333,0.0104581481481481,0.00468592592592593,0.22995962962963,0.006696,0.0273718518518519,0.221525925925926,0.244546296296296,0.00496518518518519,0.0208759259259259,0.197703333333333,0.048972962962963,0.0251140740740741,0.117421481481481,0.106944444444444,0.273214444444444,0.405545925925926,0.40973962962963,0.144010740740741,0.135611111111111,0.0281877027027027,0.0819996296296296,0.00404458333333333,0.0576525,0.0156572727272727,0.00304185185185185,0.0779344444444444,0.359555925925926,0.239194074074074,0.011272962962963,0.0746640740740741,0.0359769090909091,0.129931111111111,0.00927407407407407,0.00468592592592593,0.0514585185185185,0.240107407407407,0.0242292592592593,0.317064814814815,0.163345925925926,0.268926825396825,0.229882222222222,0.354998518518518,0.320202037037037,0.182756296296296,0.057659,0,0.0359769090909091,0.0359769090909091,0.0359769090909091,0.0359769090909091,0.0359769090909091,0.0359769090909091,0.0066537037037037,0.0066537037037037,0.0066537037037037,0.0066537037037037,0.0125830067567568,0.0125830067567568,0.0174803703703704,0.0174803703703704,0.0174803703703704,0.0174803703703704,0.0174803703703704,0.0174803703703704,0.312334925925926,0.312334925925926,0.197301111111111,0.0533870833333333,0.0533870833333333,0.00468592592592593,0.00468592592592593,0.00468592592592593,0.00468592592592593,0.00468592592592593,0.00468592592592593,0.00468592592592593,0.00468592592592593,0.00468592592592593,0.00468592592592593,0.00468592592592593,0.00468592592592593,0.00468592592592593,0.22995962962963,0.006696,0.0273718518518519,0.197703333333333,0.197703333333333,0.197703333333333,0.197703333333333,0.048972962962963,0.048972962962963,0.0251140740740741,0.405545925925926,0.405545925925926,0.405545925925926,0.0281877027027027,0.0281877027027027,0.0281877027027027,0.0281877027027027,0.0819996296296296,0.0819996296296296,0.0819996296296296,0.0819996296296296,0.0819996296296296,0.0779344444444444,0.359555925925926,0.011272962962963,0.011272962962963,0.011272962962963,0.0359769090909091,0.0359769090909091,0.0359769090909091,0.129931111111111,0.0514585185185185,0.0514585185185185,0.317064814814815,0.229882222222222
"nyun1247",0.23566,0.0461325,0.057659,0.255494444444444,0,0.0461325,0.0196781481481481,0.031092962962963,0.0243897014925373,0.0196781481481481,0.0253609259259259,0.210896111111111,0.0351503703703704,0.0461325,0.0322122222222222,0.0282059259259259,0.0196781481481481,0.0253609259259259,0.0365488888888889,0.0563496296296296,0.032802962962963,0.239372962962963,0.248401851851852,0.253744444444444,0.0533870833333333,0.0274192592592593,0.0253609259259259,0.229453333333333,0.0253609259259259,0.0394211111111111,0.0379274074074074,0.133003888888889,0.0348155555555556,0.0445707407407407,0.174507407407407,0.0417618518518519,0.0316655555555556,0.124823888888889,0.09762,0.0405996296296296,0.24435037037037,0.252102592592593,0.196732592592593,0.117764814814815,0.0281877027027027,0.0551303703703704,0.0253609259259259,0.0576525,0.0253609259259259,0.0376837037037037,0.0444725925925926,0.0847096296296296,0.0277248148148148,0.0253609259259259,0.0505888888888889,0.0461325,0.18425037037037,0.0416951851851852,0.0253609259259259,0.103136666666667,0.0346481481481482,0.0471314814814815,0.301153333333333,0.150618148148148,0.0470488888888889,0.234622962962963,0.10829037037037,0.276292407407407,0.242117777777778,0.057659,0.255494444444444,0.0461325,0.0461325,0.0461325,0.0461325,0.0461325,0.0461325,0.0196781481481481,0.0196781481481481,0.0196781481481481,0.0196781481481481,0.0253609259259259,0.0253609259259259,0.0322122222222222,0.0322122222222222,0.0322122222222222,0.0322122222222222,0.0322122222222222,0.0322122222222222,0.248401851851852,0.248401851851852,0.253744444444444,0.0533870833333333,0.0533870833333333,0.0253609259259259,0.0253609259259259,0.0253609259259259,0.0253609259259259,0.0253609259259259,0.0253609259259259,0.0253609259259259,0.0253609259259259,0.0253609259259259,0.0253609259259259,0.0253609259259259,0.0253609259259259,0.0253609259259259,0.229453333333333,0.0253609259259259,0.0394211111111111,0.174507407407407,0.174507407407407,0.174507407407407,0.174507407407407,0.0417618518518519,0.0417618518518519,0.0316655555555556,0.24435037037037,0.24435037037037,0.24435037037037,0.0281877027027027,0.0281877027027027,0.0281877027027027,0.0281877027027027,0.0551303703703704,0.0551303703703704,0.0551303703703704,0.0551303703703704,0.0551303703703704,0.0444725925925926,0.0847096296296296,0.0253609259259259,0.0253609259259259,0.0253609259259259,0.0461325,0.0461325,0.0461325,0.18425037037037,0.103136666666667,0.103136666666667,0.301153333333333,0.234622962962963
"gusi1247",0.512990871281117,0.00367024242424242,0.598826347077331,0.0359769090909091,0.0461325,0,0.251246097242921,0.531309888888889,0.503532521388751,0.230308125,0.0359769090909091,0.41631677414169,0.233102375,0.00228925,0.234653875,0.399453861111111,0.24253536574764,0.545869,0.524141,0.0461325,0.425114828703704,0.3048565,0.421629833787219,0.005390375,0.517658973201965,0.0359769090909091,0.368908,0.46602625,0.43500275,0.241557375,0.371687103703704,0.384762438824378,0.22403375,0.0359769090909091,0.544031997554093,0.255021375,0.236289125,0.4359915,0.515650625,0.453260416666667,0.239173907407407,0.231379,0.006617375,0.356986657662693,0.0359769090909091,0.25833625,0.448680166666667,0.0576525,0.258547549884087,0.292491227300326,0.28421332722719,0.616574527777778,0.518814027777778,0.238694003498096,0.0359769090909091,0.0212998451730419,0.013468,0.342054635250148,0.485626360531545,0.0359769090909091,0.523124712962963,0.0359769090909091,0.0461325,0.422281875,0.0447161538461538,0.4838465,0.354127932098765,0.155752410562823,0.00204875,0.598826347077331,0.0359769090909091,0,0,0,0,0,0,0.230308125,0.230308125,0.230308125,0.230308125,0.0359769090909091,0.0359769090909091,0.234653875,0.234653875,0.234653875,0.234653875,0.234653875,0.234653875,0.421629833787219,0.421629833787219,0.005390375,0.517658973201965,0.517658973201965,0.368908,0.368908,0.368908,0.368908,0.368908,0.368908,0.368908,0.368908,0.368908,0.368908,0.368908,0.368908,0.368908,0.46602625,0.43500275,0.241557375,0.544031997554093,0.544031997554093,0.544031997554093,0.544031997554093,0.255021375,0.255021375,0.236289125,0.239173907407407,0.239173907407407,0.239173907407407,0.0359769090909091,0.0359769090909091,0.0359769090909091,0.0359769090909091,0.25833625,0.25833625,0.25833625,0.25833625,0.25833625,0.28421332722719,0.616574527777778,0.238694003498096,0.238694003498096,0.238694003498096,0.0212998451730419,0.0212998451730419,0.0212998451730419,0.013468,0.0359769090909091,0.0359769090909091,0.0461325,0.4838465
"basq1248",0.148085227247223,0.0461325,0.232842481203008,0.0118362686567164,0.0196781481481481,0.251246097242921,0,0.310252,0.371965864661654,0.0150777611940298,0.0125830067567568,0.318839351172048,0.00715925373134328,0.0359769090909091,0.00622522388059701,0.166276293532338,0.00270052631578947,0.4613535,0.471205,0.0301403703703704,0.456266573529412,0.21760776119403,0.375009394005695,0.229007164179104,0.461185864661654,0.00757029850746269,0.5495475,0.5171865,0.508388,0.00757029850746269,0.307980036798139,0.329562515324228,0.0118362686567164,0.0208759259259259,0.406042552463248,0.0750755223880597,0.0167017910447761,0.3812505,0.463709253731343,0.344529583333333,0.502938380952381,0.485213764705882,0.190595074626866,0.346866946470654,0.0281877027027027,0.191600597014925,0.421470208333333,0.0576525,0.300955338345865,0.332501804511278,0.291115274725275,0.441718588235294,0.346826588235294,0.202585057793738,0.0194757407407407,0.515494060150376,0.436041641791045,0.29582539907461,0.363650751879699,0.0256891666666667,0.355562823529412,0.0118362686567164,0.0256891666666667,0.271281791044776,0.0256891666666667,0.4957585,0.556387323529412,0.426378143218743,0.235364776119403,0.232842481203008,0.0118362686567164,0.251246097242921,0.251246097242921,0.251246097242921,0.251246097242921,0.251246097242921,0.251246097242921,0.0150777611940298,0.0150777611940298,0.0150777611940298,0.0150777611940298,0.0125830067567568,0.0125830067567568,0.00622522388059701,0.00622522388059701,0.00622522388059701,0.00622522388059701,0.00622522388059701,0.00622522388059701,0.375009394005695,0.375009394005695,0.229007164179104,0.461185864661654,0.461185864661654,0.5495475,0.5495475,0.5495475,0.5495475,0.5495475,0.5495475,0.5495475,0.5495475,0.5495475,0.5495475,0.5495475,0.5495475,0.5495475,0.5171865,0.508388,0.00757029850746269,0.406042552463248,0.406042552463248,0.406042552463248,0.406042552463248,0.0750755223880597,0.0750755223880597,0.0167017910447761,0.502938380952381,0.502938380952381,0.502938380952381,0.0281877027027027,0.0281877027027027,0.0281877027027027,0.0281877027027027,0.191600597014925,0.191600597014925,0.191600597014925,0.191600597014925,0.191600597014925,0.291115274725275,0.441718588235294,0.202585057793738,0.202585057793738,0.202585057793738,0.515494060150376,0.515494060150376,0.515494060150376,0.436041641791045,0.0256891666666667,0.0256891666666667,0.0256891666666667,0.4957585
"stan1293",0.390413530561478,0.100361919191919,0.503334952380952,0.243131851851852,0.031092962962963,0.531309888888889,0.310252,0,0.05234,0.00964880597014925,0.598434191919192,0.317888469672571,0.000984738805970149,0.0359769090909091,0.00106544776119403,0.00449864918826918,0.00270828571428571,0.4648265,0.241454608695652,0.096222962962963,0.329164687888199,0.297610684770591,0.341361137085043,0.174577873134328,0.208043238095238,0.00221882051282051,0.5282105,0.274799402173913,0.041309,0.00135369402985075,0.113138483430799,0.26680660987824,0.00864365671641791,0.0720026984126984,0.254849850035537,0.0610190298507463,0.0144166791044776,0.193917421493446,0.169266466165414,0.277460740740741,0.179766140350877,0.612314627329193,0.146861380597015,0.18279362793177,0.620028737373737,0.153479850746269,0.489791,0.0576525,0.00346457142857143,0.0247102691511387,0.21940691108102,0.560287732919255,0.508509968944099,0.00417595029406185,0.130865888324873,0.289522095238095,0.143117669172932,0.0160198371670702,0.0596299047619048,0.0708467391304348,0.517341118012422,0.0833862436548223,0.34782962962963,0.194437985074627,0.26925291005291,0.490065380434783,0.474827651138716,0.22048274933187,0.17250120754717,0.503334952380952,0.243131851851852,0.531309888888889,0.531309888888889,0.531309888888889,0.531309888888889,0.531309888888889,0.531309888888889,0.00964880597014925,0.00964880597014925,0.00964880597014925,0.00964880597014925,0.598434191919192,0.598434191919192,0.00106544776119403,0.00106544776119403,0.00106544776119403,0.00106544776119403,0.00106544776119403,0.00106544776119403,0.341361137085043,0.341361137085043,0.174577873134328,0.208043238095238,0.208043238095238,0.5282105,0.5282105,0.5282105,0.5282105,0.5282105,0.5282105,0.5282105,0.5282105,0.5282105,0.5282105,0.5282105,0.5282105,0.5282105,0.274799402173913,0.041309,0.00135369402985075,0.254849850035537,0.254849850035537,0.254849850035537,0.254849850035537,0.0610190298507463,0.0610190298507463,0.0144166791044776,0.179766140350877,0.179766140350877,0.179766140350877,0.620028737373737,0.620028737373737,0.620028737373737,0.620028737373737,0.153479850746269,0.153479850746269,0.153479850746269,0.153479850746269,0.153479850746269,0.21940691108102,0.560287732919255,0.00417595029406185,0.00417595029406185,0.00417595029406185,0.289522095238095,0.289522095238095,0.289522095238095,0.143117669172932,0.0708467391304348,0.0708467391304348,0.34782962962963,0.490065380434783
"urdu1245",0.343383499046123,0.0461325,0.402142406015038,0.00726820895522388,0.0243897014925373,0.503532521388751,0.371965864661654,0.05234,0,0.0243897014925373,0.0125830067567568,0.238755604157452,0.0482407462686567,0.0359769090909091,0.0428032835820896,0.21582829424307,0.0491555639097744,0.5235,0.512904,0.0301403703703704,0.352277647058824,0.106889701492537,0.231181694712711,0.196642835820896,0.373361428571429,0.00781625,0.400826,0.48025,0.4522895,0.0491961194029851,0.208865153966927,0.229690542239513,0.0325471641791045,0.00976166666666667,0.303811100886545,0.0277140298507463,0.0327229850746269,0.249313953703704,0.0961971641791045,0.341547916666667,0.463512,0.498463647058824,0.167060447761194,0.111518287509819,0.0281877027027027,0.097665671641791,0.404458583333333,0.0576525,0.0471317293233083,0.0278388721804511,0.192170187969925,0.413244235294118,0.344347529411765,0.0390113043803539,0.0125122222222222,0.219786015037594,0.163506417910448,0.205407558318874,0.338408345864662,0.0252025,0.344412352941176,0.00781625,0.0161674074074074,0.159815223880597,0.0161043386243386,0.4782495,0.346582117647059,0.386323769448497,0.203374328358209,0.402142406015038,0.00726820895522388,0.503532521388751,0.503532521388751,0.503532521388751,0.503532521388751,0.503532521388751,0.503532521388751,0.0243897014925373,0.0243897014925373,0.0243897014925373,0.0243897014925373,0.0125830067567568,0.0125830067567568,0.0428032835820896,0.0428032835820896,0.0428032835820896,0.0428032835820896,0.0428032835820896,0.0428032835820896,0.231181694712711,0.231181694712711,0.196642835820896,0.373361428571429,0.373361428571429,0.400826,0.400826,0.400826,0.400826,0.400826,0.400826,0.400826,0.400826,0.400826,0.400826,0.400826,0.400826,0.400826,0.48025,0.4522895,0.0491961194029851,0.303811100886545,0.303811100886545,0.303811100886545,0.303811100886545,0.0277140298507463,0.0277140298507463,0.0327229850746269,0.463512,0.463512,0.463512,0.0281877027027027,0.0281877027027027,0.0281877027027027,0.0281877027027027,0.097665671641791,0.097665671641791,0.097665671641791,0.097665671641791,0.097665671641791,0.192170187969925,0.413244235294118,0.0390113043803539,0.0390113043803539,0.0390113043803539,0.219786015037594,0.219786015037594,0.219786015037594,0.163506417910448,0.0252025,0.0252025,0.0161674074074074,0.4782495
"chuv1255",0.218404383931407,0.0895391515151515,0.225085373134328,0.0066537037037037,0.0196781481481481,0.230308125,0.0150777611940298,0.00964880597014925,0.0243897014925373,0,0.598116484848485,0.447071244702414,0.00850563829787234,0.471781666666667,0.00805085106382979,0.234709913266116,0.307333880597015,0.0156572727272727,0.3930709,0.309072962962963,0.504016567164179,0.331439477935382,0.363551083410518,0.156576888297872,0.436707910447761,0.434399372937294,0.335772314814815,0.520360108695652,0.006696,0.0103225,0.344125090830569,0.370675330263576,0.0101046542553191,0.184207744107744,0.356092687162591,0.0292200531914894,0.00946848404255319,0.385952701630735,0.521408770053476,0.319174074074074,0.590938805970149,0.595084029850746,0.541213856382979,0.310276231343284,0.614310727272727,0.0936132446808511,0.0066537037037037,0.544038055555556,0.300905074626866,0.364695699253731,0.32006644785477,0.55197697761194,0.506901231343284,0.316054167244877,0.0856890163934426,0.48257671641791,0.535789759358289,0.3665389643353,0.350043432835821,0.47026275,0.513026082089552,0.195658754098361,0.321507777777778,0.164378138297872,0.318798306878307,0.3997094,0.497543500552792,0.41761944387107,0.408250831099196,0.225085373134328,0.0066537037037037,0.230308125,0.230308125,0.230308125,0.230308125,0.230308125,0.230308125,0,0,0,0,0.598116484848485,0.598116484848485,0.00805085106382979,0.00805085106382979,0.00805085106382979,0.00805085106382979,0.00805085106382979,0.00805085106382979,0.363551083410518,0.363551083410518,0.156576888297872,0.436707910447761,0.436707910447761,0.335772314814815,0.335772314814815,0.335772314814815,0.335772314814815,0.335772314814815,0.335772314814815,0.335772314814815,0.335772314814815,0.335772314814815,0.335772314814815,0.335772314814815,0.335772314814815,0.335772314814815,0.520360108695652,0.006696,0.0103225,0.356092687162591,0.356092687162591,0.356092687162591,0.356092687162591,0.0292200531914894,0.0292200531914894,0.00946848404255319,0.590938805970149,0.590938805970149,0.590938805970149,0.614310727272727,0.614310727272727,0.614310727272727,0.614310727272727,0.0936132446808511,0.0936132446808511,0.0936132446808511,0.0936132446808511,0.0936132446808511,0.32006644785477,0.55197697761194,0.316054167244877,0.316054167244877,0.316054167244877,0.48257671641791,0.48257671641791,0.48257671641791,0.535789759358289,0.47026275,0.47026275,0.321507777777778,0.3997094
"nhen1239",0.59432903030303,0.0701432828282828,0.057659,0.0125830067567568,0.0253609259259259,0.0359769090909091,0.0125830067567568,0.598434191919192,0.0125830067567568,0.598116484848485,0,0.668424090909091,0.0201712121212121,0.0359769090909091,0.0177913333333333,0.0173636161616162,0.0125830067567568,0.0156572727272727,0.0176070769230769,0.0301403703703704,0.628988434343434,0.103978727272727,0.0954597575757576,0.0844001212121212,0.0400941358024691,0.016748875,0.0125830067567568,0.647665538461539,0.0125830067567568,0.0184918787878788,0.0163662121212121,0.0955209696969697,0.0157652121212121,0.0400941358024691,0.11680303030303,0.0341564242424242,0.0218080606060606,0.102023536585366,0.0957006134969325,0.0161983076923077,0.0809689393939394,0.668712525252525,0.0679102424242424,0.0651746060606061,0.614803737373737,0.082381696969697,0.0125830067567568,0.0576525,0.0127731818181818,0.0161983076923077,0.11734124137931,0.616223535353535,0.630358686868687,0.0125830067567568,0.0786483950617284,0.0359769090909091,0.0675588343558282,0.022820987654321,0.0125830067567568,0.0416193846153846,0.635330454545455,0.0624928395061728,0.0161674074074074,0.088262,0.0161043386243386,0.641392,0.66563797979798,0.0904212474747475,0.0825964814814815,0.057659,0.0125830067567568,0.0359769090909091,0.0359769090909091,0.0359769090909091,0.0359769090909091,0.0359769090909091,0.0359769090909091,0.598116484848485,0.598116484848485,0.598116484848485,0.598116484848485,0,0,0.0177913333333333,0.0177913333333333,0.0177913333333333,0.0177913333333333,0.0177913333333333,0.0177913333333333,0.0954597575757576,0.0954597575757576,0.0844001212121212,0.0400941358024691,0.0400941358024691,0.0125830067567568,0.0125830067567568,0.0125830067567568,0.0125830067567568,0.0125830067567568,0.0125830067567568,0.0125830067567568,0.0125830067567568,0.0125830067567568,0.0125830067567568,0.0125830067567568,0.0125830067567568,0.0125830067567568,0.647665538461539,0.0125830067567568,0.0184918787878788,0.11680303030303,0.11680303030303,0.11680303030303,0.11680303030303,0.0341564242424242,0.0341564242424242,0.0218080606060606,0.0809689393939394,0.0809689393939394,0.0809689393939394,0.614803737373737,0.614803737373737,0.614803737373737,0.614803737373737,0.082381696969697,0.082381696969697,0.082381696969697,0.082381696969697,0.082381696969697,0.11734124137931,0.616223535353535,0.0125830067567568,0.0125830067567568,0.0125830067567568,0.0359769090909091,0.0359769090909091,0.0359769090909091,0.0675588343558282,0.0416193846153846,0.0416193846153846,0.0161674074074074,0.641392
"rian1262",0.371877631230386,0.12950601010101,0.223274329942503,0.228302222222222,0.210896111111111,0.41631677414169,0.318839351172048,0.317888469672571,0.238755604157452,0.447071244702414,0.668424090909091,0,0.184404223327805,0.0563008333333333,0.178996602174314,0.245171556605917,0.322312770013268,0.567,0.353567883856683,0.177977222222222,0.329574432493448,0.0642675382347522,0.109138412128367,0.228263546158098,0.129495489164087,0.154337358974359,0.343696,0.45576704810789,0.4413825,0.187354112308826,0.323289843930329,0.110334416907397,0.158993531877649,0.0563845502645503,0.182078303851257,0.0660428689883914,0.153113305233094,0.0859680631175106,0.0924825371471797,0.299728888888889,0.365354690591212,0.505226509397962,0.210547608715681,0.148408012838041,0.0761749494949495,0.0233252621153492,0.417522416666667,0.0576525,0.303288385227775,0.210261794777598,0.179041006520346,0.363160582529308,0.377598130461847,0.233596757084085,0.0294962370746381,0.423362053958425,0.281906570821748,0.289610200679077,0.238411180008846,0.128914351851852,0.369095828202457,0.0832226790750141,0.130938425925926,0.0955967827529021,0.25559,0.46613954126409,0.21027473291324,0.341587654077939,0.232355733109435,0.223274329942503,0.228302222222222,0.41631677414169,0.41631677414169,0.41631677414169,0.41631677414169,0.41631677414169,0.41631677414169,0.447071244702414,0.447071244702414,0.447071244702414,0.447071244702414,0.668424090909091,0.668424090909091,0.178996602174314,0.178996602174314,0.178996602174314,0.178996602174314,0.178996602174314,0.178996602174314,0.109138412128367,0.109138412128367,0.228263546158098,0.129495489164087,0.129495489164087,0.343696,0.343696,0.343696,0.343696,0.343696,0.343696,0.343696,0.343696,0.343696,0.343696,0.343696,0.343696,0.343696,0.45576704810789,0.4413825,0.187354112308826,0.182078303851257,0.182078303851257,0.182078303851257,0.182078303851257,0.0660428689883914,0.0660428689883914,0.153113305233094,0.365354690591212,0.365354690591212,0.365354690591212,0.0761749494949495,0.0761749494949495,0.0761749494949495,0.0761749494949495,0.0233252621153492,0.0233252621153492,0.0233252621153492,0.0233252621153492,0.0233252621153492,0.179041006520346,0.363160582529308,0.233596757084085,0.233596757084085,0.233596757084085,0.423362053958425,0.423362053958425,0.423362053958425,0.281906570821748,0.128914351851852,0.128914351851852,0.130938425925926,0.46613954126409
"dani1285",0.0139657347570657,0.107889515151515,0.291019701492537,0.0274559259259259,0.0351503703703704,0.233102375,0.00715925373134328,0.000984738805970149,0.0482407462686567,0.00850563829787234,0.0201712121212121,0.184404223327805,0,0.470064814814815,0.382451781914894,0.413336447086377,0.266392835820896,0.0133508333333333,0.36469465,0.311954814814815,0.501672835820896,0.368803085598897,0.443050092589652,0.553068377659575,0.472180149253731,0.407261287128713,0.31977,0.504268586956522,0.00850563829787234,0.381517393617021,0.31388138553759,0.545725462342543,0.392241329787234,0.504884478114478,0.502020598404255,0.47172625,0.405191196808511,0.42786565874332,0.545763770053476,0.298288296296296,0.594589514925373,0.598342985074627,0.540703563829787,0.543514238250238,0.613713151515151,0.530191835106383,0.00850563829787234,0.557951111111111,0.263771641791045,0.341628951865672,0.523757565854115,0.564469925373134,0.504211082089552,0.36973772509016,0.542984163934426,0.47337447761194,0.533441550802139,0.337148776249566,0.343426417910448,0.45889465,0.514734962686567,0.49812806557377,0.353073888888889,0.57737204787234,0.295785841269841,0.3758752,0.516455212824765,0.546792488753043,0.424466112600536,0.291019701492537,0.0274559259259259,0.233102375,0.233102375,0.233102375,0.233102375,0.233102375,0.233102375,0.00850563829787234,0.00850563829787234,0.00850563829787234,0.00850563829787234,0.0201712121212121,0.0201712121212121,0.382451781914894,0.382451781914894,0.382451781914894,0.382451781914894,0.382451781914894,0.382451781914894,0.443050092589652,0.443050092589652,0.553068377659575,0.472180149253731,0.472180149253731,0.31977,0.31977,0.31977,0.31977,0.31977,0.31977,0.31977,0.31977,0.31977,0.31977,0.31977,0.31977,0.31977,0.504268586956522,0.00850563829787234,0.381517393617021,0.502020598404255,0.502020598404255,0.502020598404255,0.502020598404255,0.47172625,0.47172625,0.405191196808511,0.594589514925373,0.594589514925373,0.594589514925373,0.613713151515151,0.613713151515151,0.613713151515151,0.613713151515151,0.530191835106383,0.530191835106383,0.530191835106383,0.530191835106383,0.530191835106383,0.523757565854115,0.564469925373134,0.36973772509016,0.36973772509016,0.36973772509016,0.47337447761194,0.47337447761194,0.47337447761194,0.533441550802139,0.45889465,0.45889465,0.353073888888889,0.3758752
"abua1244",0.456372685185185,0.00245763636363636,0.057659,0.0359769090909091,0.0461325,0.00228925,0.0359769090909091,0.0359769090909091,0.0359769090909091,0.471781666666667,0.0359769090909091,0.0563008333333333,0.470064814814815,0,0.225971481481481,0.232028518518519,0.0359769090909091,0.0359769090909091,0.221371203703704,0.0359769090909091,0.0359769090909091,0.161618425925926,0.164935416666667,0.00145787037037037,0.0400941358024691,0.458102037037037,0.445416296296296,0.0359769090909091,0.0359769090909091,0.230289166666667,0.219160462962963,0.158770555555556,0.19996037037037,0.165911666666667,0.313100555555556,0.177666111111111,0.228579537037037,0.171625185185185,0.161455925925926,0.409188888888889,0.00321934343434343,0.00272880966468352,0.0072175,0.240434259259259,0.0359769090909091,0.147133796296296,0.0359769090909091,0.265191018518519,0.0359769090909091,0.429864074074074,0.1400175,0.0391922222222222,0.0359769090909091,0.212727037037037,0.154705555555556,0.0122534328358209,0.0189572222222222,0.220567407407407,0.0359769090909091,0.366485092592593,0.0359769090909091,0.159390462962963,0.0359769090909091,0.259463888888889,0.404225211640212,0.45681037037037,0.152699166666667,0.000850740740740741,0.00251231481481481,0.057659,0.0359769090909091,0.00228925,0.00228925,0.00228925,0.00228925,0.00228925,0.00228925,0.471781666666667,0.471781666666667,0.471781666666667,0.471781666666667,0.0359769090909091,0.0359769090909091,0.225971481481481,0.225971481481481,0.225971481481481,0.225971481481481,0.225971481481481,0.225971481481481,0.164935416666667,0.164935416666667,0.00145787037037037,0.0400941358024691,0.0400941358024691,0.445416296296296,0.445416296296296,0.445416296296296,0.445416296296296,0.445416296296296,0.445416296296296,0.445416296296296,0.445416296296296,0.445416296296296,0.445416296296296,0.445416296296296,0.445416296296296,0.445416296296296,0.0359769090909091,0.0359769090909091,0.230289166666667,0.313100555555556,0.313100555555556,0.313100555555556,0.313100555555556,0.177666111111111,0.177666111111111,0.228579537037037,0.00321934343434343,0.00321934343434343,0.00321934343434343,0.0359769090909091,0.0359769090909091,0.0359769090909091,0.0359769090909091,0.147133796296296,0.147133796296296,0.147133796296296,0.147133796296296,0.147133796296296,0.1400175,0.0391922222222222,0.212727037037037,0.212727037037037,0.212727037037037,0.0122534328358209,0.0122534328358209,0.0122534328358209,0.0189572222222222,0.366485092592593,0.366485092592593,0.0359769090909091,0.45681037037037
"alba1267",0.207318061090822,0.106196606060606,0.278409701492537,0.0174803703703704,0.0322122222222222,0.234653875,0.00622522388059701,0.00106544776119403,0.0428032835820896,0.00805085106382979,0.0177913333333333,0.178996602174314,0.382451781914894,0.225971481481481,0,0.296033273062877,0.271130298507463,0.0133508333333333,0.36430025,0.314947777777778,0.499701604477612,0.364444160756501,0.397041223381467,0.414863138297872,0.473253731343284,0.407684290429043,0.320506851851852,0.500227608695652,0.0076612,0.383792659574468,0.314973933077667,0.465263120937864,0.392031462765957,0.505743636363636,0.49737036241664,0.470941994680851,0.407548856382979,0.422676557536392,0.544344598930481,0.294167407407407,0.590864365671642,0.594316902985075,0.536691329787234,0.424415369164814,0.610611090909091,0.527330053191489,0.0076612,0.560121481481481,0.267833731343284,0.340566485447761,0.52532987367239,0.562042723880597,0.502572350746269,0.295224399903953,0.542444852459016,0.471025074626866,0.52972050802139,0.336981092719542,0.340604029850746,0.45490635,0.512804328358209,0.497945573770492,0.344350555555556,0.574282606382979,0.292601333333333,0.37522705,0.515529102404643,0.542740836641262,0.419205549597855,0.278409701492537,0.0174803703703704,0.234653875,0.234653875,0.234653875,0.234653875,0.234653875,0.234653875,0.00805085106382979,0.00805085106382979,0.00805085106382979,0.00805085106382979,0.0177913333333333,0.0177913333333333,0,0,0,0,0,0,0.397041223381467,0.397041223381467,0.414863138297872,0.473253731343284,0.473253731343284,0.320506851851852,0.320506851851852,0.320506851851852,0.320506851851852,0.320506851851852,0.320506851851852,0.320506851851852,0.320506851851852,0.320506851851852,0.320506851851852,0.320506851851852,0.320506851851852,0.320506851851852,0.500227608695652,0.0076612,0.383792659574468,0.49737036241664,0.49737036241664,0.49737036241664,0.49737036241664,0.470941994680851,0.470941994680851,0.407548856382979,0.590864365671642,0.590864365671642,0.590864365671642,0.610611090909091,0.610611090909091,0.610611090909091,0.610611090909091,0.527330053191489,0.527330053191489,0.527330053191489,0.527330053191489,0.527330053191489,0.52532987367239,0.562042723880597,0.295224399903953,0.295224399903953,0.295224399903953,0.471025074626866,0.471025074626866,0.471025074626866,0.52972050802139,0.45490635,0.45490635,0.344350555555556,0.37522705
"finn1318",0.305469436086097,0.102764464646465,0.37803376474769,0.133192592592593,0.0282059259259259,0.399453861111111,0.166276293532338,0.00449864918826918,0.21582829424307,0.234709913266116,0.0173636161616162,0.245171556605917,0.413336447086377,0.232028518518519,0.296033273062877,0,0.143113817341862,0.4678475,0.334843086956522,0.306658888888889,0.323968864049319,0.320050387601002,0.353691764640269,0.296610383058114,0.325251039090263,0.209876203097233,0.421678296296296,0.505650635869565,0.4955415,0.124761849396634,0.255467657964245,0.279925338719802,0.20559315874087,0.284073650793651,0.358968785069712,0.257590306248015,0.2099717696094,0.294668337250564,0.343454547565438,0.291864037037037,0.441591987758576,0.610497573583944,0.34637808014449,0.248691118015545,0.614720656565657,0.249440530724039,0.489109,0.554183888888889,0.13790729068941,0.19102776903101,0.335171192796452,0.552970589482711,0.50841858626124,0.189133444415963,0.258700233252892,0.3964409445629,0.341024349242089,0.185462523681059,0.205062192608387,0.267099186956522,0.515625098034671,0.285021329283515,0.341224166666667,0.293409968640838,0.288150582010582,0.464409454347826,0.531128393108646,0.367217900910857,0.298536955081188,0.37803376474769,0.133192592592593,0.399453861111111,0.399453861111111,0.399453861111111,0.399453861111111,0.399453861111111,0.399453861111111,0.234709913266116,0.234709913266116,0.234709913266116,0.234709913266116,0.0173636161616162,0.0173636161616162,0.296033273062877,0.296033273062877,0.296033273062877,0.296033273062877,0.296033273062877,0.296033273062877,0.353691764640269,0.353691764640269,0.296610383058114,0.325251039090263,0.325251039090263,0.421678296296296,0.421678296296296,0.421678296296296,0.421678296296296,0.421678296296296,0.421678296296296,0.421678296296296,0.421678296296296,0.421678296296296,0.421678296296296,0.421678296296296,0.421678296296296,0.421678296296296,0.505650635869565,0.4955415,0.124761849396634,0.358968785069712,0.358968785069712,0.358968785069712,0.358968785069712,0.257590306248015,0.257590306248015,0.2099717696094,0.441591987758576,0.441591987758576,0.441591987758576,0.614720656565657,0.614720656565657,0.614720656565657,0.614720656565657,0.249440530724039,0.249440530724039,0.249440530724039,0.249440530724039,0.249440530724039,0.335171192796452,0.552970589482711,0.189133444415963,0.189133444415963,0.189133444415963,0.3964409445629,0.3964409445629,0.3964409445629,0.341024349242089,0.267099186956522,0.267099186956522,0.341224166666667,0.464409454347826
